0,1,2,3,4
Performance category,Year,Compliant,Minor non-compliance,Core non-compliance
Global Overall CSR score,2023,76%,23%,1%
,2022,73%,26%,1%
,2021,71%,27%,2%
Environment,2023,76%,22%,2%
,2022,73%,25%,2%
,2021,71%,27%,2%
Labor & Human Rights,2023,79%,20%,1%
,2022,77%,22%,1%
,2021,75%,24%,1%
Ethics,2023,65%,31%,4%
,2022,63%,32%,5%
,2021,60%,34%,6%
Sustainable Procurement,2023,44%,47%,9%
,2022,44%,45%,11%
,2021,40%,49%,11%
